14.134725142000001
21.022039638999999
25.01085758
30.424876126000001
32.935061588000003
37.586178158999999
40.918719011999997
43.327073280999997
48.005150880999999
49.773832478000003
52.970321478000002
56.446247696999997
59.347044003000001
60.831778524999997
65.112544048000004
67.079810529
69.546401711000001
72.067157674000001
75.704690698999997
77.144840068999997
79.337375019999996
82.910380853999996
84.735492980999993
87.425274612999999
88.809111208000004
92.491899270999994
94.651344041000002
95.870634228
98.831194217999993
101.317851006
103.72553804
105.44662305200001
107.168611184
111.02953554299999
111.874659177
114.32022091499999
116.226680321
118.790782866
121.37012500199999
122.946829294
124.25681855400001
127.51668388
129.5787042
131.087688531
133.49773720300001
134.75650975299999
138.11604205500001
139.736208952
141.12370740399999
143.111845808
146.00098248699999
147.42276534300001
150.053520421
150.925257612
153.02469381099999
156.11290929399999
157.59759181800001
158.84998817100001
161.18896413799999
163.03070968700001
165.537069188
167.184439978
169.09451541600001
169.911976479
173.41153652
174.754191523
176.44143429799999
178.37740777600001
179.91648402000001
182.20707848399999
184.87446784799999
185.59878367799999
187.228922584
189.41615865599999
192.02665636099999
193.079726604
195.26539668000001
196.87648184099999
198.01530967599999
201.26475194400001
202.49359451399999
204.18967180300001
205.394697202
207.906258888
209.57650971699999
211.690862595
213.34791935999999
214.54704478299999
216.16953850799999
219.06759634900001
220.71491883900001
221.430705555
224.00700025500001
224.98332467
227.42144428
229.337413306
231.2501887
231.98723525299999
233.693404179
236.524229666
237.76982048100001
239.55547757299999
241.049157796
242.82327193399999
244.070898497
247.136990075
248.10199005999999
249.573689645
251.01494779500001
253.06998674799999
255.30625645500001
256.38071369400001
258.61043949200001
259.87440699000001
260.80508450500002
263.57389390499998
265.55785183900002
266.61497378199999
267.92191508299999
269.970449024
271.49405564199998
273.459609188
275.58749264900001
276.45204950300001
278.25074353000002
279.229250928
282.46511476500001
283.21118573299998
284.83596398100002
286.66744536300001
287.911920501
289.57985492900002
291.846291329
293.55843413899998
294.965369619
295.57325487899999
297.97927706199999
299.840326054
301.64932546199998
302.69674959000002
304.86437134099998
305.72891260199998
307.219496128
310.10946314699999
311.16514153000003
312.42780118100001
313.98528573099998
315.47561608900003
317.73480594199998
318.85310425599999
321.160134309
322.14455867200002
323.46696955800002
324.86286605200002
327.443901262
329.03307167999998
329.95323972800003
331.47446758299998
333.64537852500001
334.21135483299997
336.84185042799999
338.33999285099998
339.85821672499998
341.04226111100002
342.05487750999998
344.66170294
346.34787056599998
347.27267758400001
349.316260871
350.40841934899998
351.87864902500002
353.488900489
356.01757497699998
357.15130225199999
357.95268510199998
359.74375495300001
361.28936169600001
363.331330579
364.73602411399997
366.21271028799998
367.99357548199998
368.968438096
370.050919212
373.06192837200001
373.86487391100002
375.82591276699998
376.32409223100001
378.43668024999999
379.87297534700002
381.484468617
383.44352945000003
384.95611681499997
385.86130084600001
387.22289022199999
388.84612835399997
391.45608356399998
392.24508334000001
393.42774384400002
395.58287001100001
396.381854223
397.91873621000002
399.985119876
401.839228601
402.861917764
404.23644180000002
405.13438746000003
407.58146038699999
408.94724550199999
410.513869193
411.97226780400001
413.26273607000002
415.01880975500001
415.455214996
418.38770578999998
419.86136481800003
420.64382762499997
422.07671005899999
423.71657962699999
425.06988249400001
427.20882508400001
428.12791407700001
430.32874543100002
431.301306931
432.13864173500002
433.889218481
436.16100643300001
437.581698168
438.62173865599999
439.91844221399998
441.68319920099998
442.90454630300002
444.31933627799998
446.86062269600001
447.44170419400001
449.14854568499999
450.12694578000003
451.40330844499999
453.986737807
454.97468376900002
456.32842668900003
457.90389306399999
459.51341528099999
460.08794442200002
462.06536727500003
464.05728691100001
465.67153921099998
466.570286931
467.43904621000001
469.53600455899999
470.77365547800002
472.79917466199998
473.83523234500001
475.60033936899998
476.76901523700002
478.07526376700002
478.94218153499997
481.83033937599998
482.83478279100001
483.85142721199998
485.53914812900001
486.52871826199998
488.38056709
489.66176157799998
491.39882159400003
493.31444158199997
493.95799780499999
495.35882882200002
496.42969621600002
498.58078243
500.30908494200003
501.60444696500002
502.27627032700002
504.49977331299999
505.415231742
506.46415271000001
508.80070033599998
510.26422794400003
511.56228970000001
512.62314453099998
513.66898555499995
515.43505716699997
517.58966857200005
518.23422314799996
520.10631041199997
521.52519344899997
522.45669617800002
523.96053089199995
525.07738568699995
527.903641601
528.40621385199995
529.80622631899996
530.86691788400003
532.68818302800003
533.77963075399998
535.66431407599998
537.06975908300001
538.42852617599999
540.213166376
540.63139024700001
541.84743712099998
544.32389010099996
545.63683324900001
547.01091205800003
547.93161336399999
549.49756756299996
550.97001003900004
552.04957220100005
553.76497211900005
555.79202056199995
556.89947640699995
557.56465917200001
559.31623702900004
560.24080749699999
562.55920761599998
564.16087911099999
564.50605593800003
566.69878768299998
567.73175790100004
568.92395518000001
570.05111478200001
572.41998413199997
573.61461052699997
575.09388601399996
575.80724714099995
577.03900347199999
579.09883467199995
580.13695936199997
581.94657626599997
583.23608821899995
584.56170590299996
585.98456320499997
586.74277189099996
588.13966326599996
590.66039751699998
591.72585806500001
592.57135830000004
593.97471468200001
595.72815369700004
596.36276832800002
598.49307734599995
599.54564036399995
601.60213673600003
602.57916788600005
603.62561890400002
604.61621849400001
606.38346042199998
608.41321731100004
609.38957515499999
610.83916293799996
611.77420962099995
613.59977867600003
614.64623787200003
615.53856336900003
618.11283136600002
619.18448259800005
620.27289367200001
621.70929452799999
622.37500274000001
624.26990001800004
626.01928342799999
627.26839685100003
628.32586235899998
630.47388743800002
630.805780927
632.22514116699995
633.54685825199999
635.52380031099995
637.39719316000003
637.92551398099999
638.92793826699994
640.69479466899998
641.94549966600005
643.27888378099999
644.99057822999998
646.34819159599999
647.76175300399996
648.78640088899999
650.19751934500005
650.668683891
653.64957160500001
654.30192058600005
655.70946302200002
656.96408459899999
658.175614419
659.66384597299998
660.71673259500005
662.29658643100004
664.24460465200002
665.342763096
666.51514770400001
667.148494895
668.97584882000001
670.32358520599996
672.45818358400004
673.04357828599996
674.35589780999999
676.13967436400003
677.23018066899999
677.80044474600004
679.74219788300002
681.89499153300005
682.60273501999995
684.01354981400004
684.97262986199996
686.16322358800005
687.96154318499998
689.36894136199999
690.47473503200001
692.45168441600003
693.17697006100002
694.53390869999998
695.72633592099999
696.62606989999995
699.13209547600002
700.29673913199997
701.30174295500001
702.22734314599995
704.033839296
705.12581395500001
706.18465479999998
708.26907088500002
709.22958857000003
711.13027418000001
711.90028991400004
712.74938347
714.08277182100005
716.11239645399996
717.48256970299997
718.74278654499994
719.69710098799999
721.351162219
722.27750497600005
723.84582104499998
724.56261388999997
727.05640323
728.40548158900003
728.75874979599996
730.41648212300004
731.41735491899999
732.81805271400003
734.78964325200002
735.76545920900003
737.05292891199997
738.58042117100001
739.90952367399996
740.57380744700004
741.75733557299998
743.89501314200004
745.34498955100003
746.49930589899998
747.67456362400003
748.24275446499996
750.655950362
750.96638106700004
752.887621567
754.32237047199999
755.83930897599998
756.76824843999998
758.10172924599999
758.90023822499995
760.28236698399996
762.70003325000005
763.59306617300001
764.30752272400002
766.08754009999996
767.21847215599996
768.28146180700003
769.69340725300003
771.07083931399995
772.96161756599997
774.11774462799997
775.04784709700004
775.99971196299998
777.29974852999999
779.15707694900004
780.34892500399997
782.13766439100004
782.59794394599999
784.28882261199999
785.73908970100001
786.46114745099999
787.46846381600005
790.05909236399998
790.83162046799998
792.42770760899998
792.88865256300005
794.48379187
795.60659615600002
797.26347003800004
798.70757016599998
799.65433621099999
801.60424646299998
802.54198487799999
803.24309620400004
804.76223911299996
805.86163566699997
808.15181493600005
809.19778336299999
810.08180488599999
811.184358847
812.77110838900001
814.04591360799998
814.87053962599998
816.727737714
818.38066886599995
819.20464217100005
820.72189844399998
821.71345413300003
822.19775749300004
824.526293872
826.03928737700005
826.905810954
828.34017429999994
829.43701096799998
830.89588405300003
831.79977765900003
833.00364090899996
834.65191514799994
836.69357618799995
837.34733505999998
838.24902199300004
839.46539481000002
841.03638982899997
842.04135420700004
844.16619660699996
844.80599397599997
846.19476992800003
847.97171763999995
848.48928118100002
849.86227434900002
850.64544846599995
853.16311258300004
854.09551171999999
855.28671024400001
856.48411749100001
857.310740603
858.904026466
860.41067089600006
861.17109821300005
863.18971977199999
864.34082393000006
865.59466432700003
866.42373990399994
867.69312261200002
868.67049422900004
870.84690232599996
872.18875082199997
873.09897897099995
873.90838923499996
875.98528510899996
876.60082583300004
877.65469834099997
879.38095196999996
880.83464884800003
882.38669662699999
883.43033183900002
884.19874311499996
885.27230448
886.85280196300005
888.47556667399999
889.73529429400003
890.81313211300005
892.38643325999999
893.11911756699999
894.88629232100004
895.39791967500003
896.63225155600003
899.22152266800003
899.85888460800004
900.84973986099999
902.24320758700003
903.09967444300003
904.70290272199998
905.82994075800002
907.65672946899997
908.33354364499996
910.18633405699995
911.234951486
912.33104560000004
912.82399924699996
914.73009695799999
916.35500080899999
917.82537757
918.83653524399995
919.44834444000003
921.15639550699996
922.50062930700005
923.28571980200002
924.77348393299997
926.55155278500001
927.85085898600005
928.66365932899998
929.874092851
931.00921133700001
931.85274074599999
934.38530683700003
934.99542486400003
936.22864937899999
937.53292571199995
939.02430089899997
939.66094061499996
941.15699964199996
942.05234164299998
944.18803580999997
945.33356250300005
946.76584220500001
947.07918309599995
948.346646255
950.15161268500003
951.03324873400004
952.72798862000002
954.12971927000001
954.82930893800005
956.67547934300001
957.51005259600004
958.41459339000005
959.45916880699997
961.66957247400001
963.18208667099998
963.56704019200004
965.05557962399996
966.11075481800003
967.37115376600002
968.63630190599997
970.12561055699996
971.07149148600001
973.18536129400002
973.87307899300004
974.77463506599997
976.17850242099996
976.91720211699999
978.766671535
980.57800064000003
981.28861530200004
982.39648516900002
983.57507600600002
985.18692865599996
986.13051511000003
986.75600840799996
988.99262237100004
990.22391780400005
991.37429414799999
992.72869633699997
993.21458095699995
994.40459057099997
996.20533616399996
997.511934752
998.82754713700001
999.791571557
1001.349482638
1002.404305488
1003.267808179
1004.675044121
1005.5434203040001
1008.0067043069999
1008.795709901
1009.806590747
1010.569757011
1012.410042516
1013.058638098
1014.689632622
1016.060178943
1017.266402364
1018.605572519
1019.912439744
1020.917475017
1021.5443445
1022.885270912
1025.265724198
1025.7079443709999
1027.4676935160001
1028.128964255
1029.227297444
1030.897368791
1031.8331802969999
1032.8128830349999
1034.61291553
1036.1959173580001
1037.024707646
1038.0877522410001
1039.0774014369999
1040.264037938
1041.621528015
1043.6239543500001
1044.5149758289999
1045.107042353
1047.0898174839999
1047.9871474900001
1048.9537851949999
1049.9962842570001
1051.576571843
1053.245785158
1054.7810394779999
1055.002146476
1056.6888473639999
1057.10004366
1059.133769107
1060.1395185619999
1061.501304465
1062.9153815080001
1064.0715510719999
1065.1218551060001
1066.463223469
1067.4188601210001
1067.9900000790001
1070.535041997
1071.6186232150001
1072.543998011
1073.5703531649999
1074.747771044
1076.2666255940001
1076.924056066
1078.647198481
1079.8099654289999
1081.1710023430001
1082.9527497229999
1083.2954665140001
1084.1832643099999
1085.6478312090001
1086.91199899
1088.755724675
1089.795337924
1090.8631910260001
1091.728472967
1093.4408732720001
1094.2844575239999
1095.4330847589999
1096.4019177949999
1098.841015467
1099.3606671790001
1100.5744606220001
1101.839111169
1102.5517798999999
1103.732297175
1105.617188831
1106.7743716760001
1107.7745319549999
1109.1589188569999
1110.444142994
1111.4435047649999
1112.4329954079999
1113.3975951150001
1115.0653594620001
1116.787253881
1117.965919669
1118.6841348610001
1119.4732474259999
1121.1559376759999
1122.4586213570001
1123.1011173879999
1125.3147293980001
1125.763442429
1127.6580235270001
1128.4302246140001
1129.728996777
1130.3915978959999
1131.495085562
1133.708625669
1134.885654592
1135.5622139750001
1136.9292934810001
1138.15158978
1138.9923418200001
1140.7218481719999
1141.2610229639999
1142.8586596079999
1144.7822995189999
1145.4853275170001
1146.576814925
1147.501776523
1148.6152772089999
1149.9826010280001
1151.562814724
1152.943128531
1153.8903037160001
1154.6975195350001
1156.621567834
1157.432314576
1158.0016090270001
1159.4806570190001
1161.396644634
1162.4875286020001
1163.7010316830001
1164.7375863509999
1165.271227706
1166.9436134099999
1168.08627161
1169.6983568850001
1170.463638578
1172.120681866
1173.3056877639999
1174.2327668559999
1175.215452396
1176.6328758100001
1177.106304422
1179.7012235019999
1180.653543787
1181.2673181519999
1182.5822703470001
1183.712775296
1185.155842847
1185.8753586949999
1187.345161493
1188.856444298
1189.9636364979999
1191.4826059259999
1192.218611478
1193.3240214269999
1193.8574271350001
1196.0346717489999
1197.0717866590001
1198.686569105
1199.356513708
1200.5326920309999
1201.810334857
1203.137350861
1203.855247594
1204.985492171
1206.8704997939999
1208.4714599500001
1208.989484168
1209.898030088
1211.4161158930001
1212.113153066
1213.59837268
1215.389975065
1216.1837220330001
1217.1744824980001
1219.0500281770001
1219.614471311
1220.8163476909999
1221.692242483
1222.952484095
1225.0183300240001
1225.8550207610001
1227.2318276410001
1227.917141614
1228.793154363
1230.584603154
1231.562273878
1232.529587041
1234.2778166529999
1235.502548527
1236.399017466
1237.977298514
1238.457232796
1239.4908071469999
1240.813471785
1243.0780763979999
1243.538146526
1244.851433967
1245.6558661879999
1247.3725619700001
1248.063061053
1249.159887953
1250.6723972760001
1251.659832004
1253.6735778520001
1254.431328422
1255.408230645
1256.1812141979999
1257.5412194129999
1258.779233489
1260.3445483160001
1261.6117171609999
1262.5566140000001
1263.6767328440001
1264.957223007
1266.179037761
1267.2003456120001
1267.5705717789999
1270.118921886
1271.134299632
1272.0839595990001
1273.261144633
1274.196220889
1275.0920303160001
1276.842171556
1277.7630919860001
1279.332843317
1280.155794409
1281.82872696
1283.000491387
1283.3350321390001
1284.8547951549999
1285.6950233309999
1287.4100266170001
1289.1653515329999
1290.10477152
1290.4177080730001
1291.945870968
1293.4939815570001
1294.118474378
1295.365363505
1296.8011109920001
1298.256527068
1299.405171251
1300.490018982
1301.495516681
1302.346742379
1303.2732002289999
1305.401672188
1306.5083933129999
1307.2672421079999
1308.988196518
1309.4215324930001
1311.056570511
1311.966940608
1313.0315993690001
1314.0525656520001
1316.2121126029999
1317.072986035
1318.1712791320001
1318.947880597
1319.9310828780001
1321.6281385520001
1322.258067123
1324.2249787190001
1325.2376243589999
1325.9819696300001
1327.6352811080001
1329.043517997
1329.205018785
1330.42993712
1331.827591385
1333.67352261
1334.7473290519999
1335.6949745259999
1336.690184653
1337.6887918100001
1338.9231645990001
1340.426400457
1341.166272253
1342.6085078839999
1344.156044004
1345.477106261
1345.731413255
1347.5194717510001
1348.0172380189999
1349.0851940140001
1351.2962063739999
1352.210465159
1353.4833383580001
1353.8867819720001
1355.6805953210001
1356.6056557100001
1357.771742829
1358.460160399
1360.393144762
1361.393074714
1363.022328603
1363.8791907970001
1364.576584897
1365.4937335510001
1367.10409097
1368.3301933079999
1369.686949077
1370.9735227680001
1371.6865535530001
1373.2029145619999
1374.1547986590001
1375.302392345
1376.161779994
1377.177633642
1379.683283029
1380.1485784419999
1381.073977149
1382.3456629780001
1383.2975910079999
1384.4444158480001
1385.6637770110001
1387.3266476629999
1387.9214541270001
1389.5658317980001
1390.705490286
1391.8532004430001
1392.6440277889999
1393.4334017409999
1394.8841846759999
1396.5441631240001
1397.834623321
1398.8376752009999
1399.8394729409999
1400.4269462970001
1402.5643472500001
1402.973747641
1404.006292171
1405.6669750589999
1407.0851427760001
1408.136307496
1409.32068108
1410.0248107259999
1411.2570568159999
1411.9656534620001
1413.843148789
1415.5857847950001
1415.7815813029999
1417.102822934
1418.696963852
1419.422480946
1420.416526324
1421.850567187
1422.4613109879999
1424.4630456699999
1425.873469245
1426.645979682
1427.365671109
1428.592305876
1429.6504772759999
1431.218313673
1432.049740893
1433.821940737
1434.584942168
1435.6929073829999
1437.226721624
1438.006284842
1438.9495527470001
1439.6227930780001
1441.960987505
1442.911059581
1444.0419307059999
1445.072278459
1445.8300847800001
1447.2262271
1448.3238535160001
1449.488771281
1450.773561858
1451.835297999
1453.7375967569999
1454.22601126
1455.31209124
1456.167797608
1457.5390016680001
1458.393777369
1460.6882705349999
1461.245443345
1462.266123266
1463.28689119
1464.6969032980001
1465.8895576140001
1466.505621108
1467.703989586
1469.3476498780001
1470.9665891269999
1471.3887645269999
1473.0201323240001
1473.745649186
1474.2032215659999
1476.0921270379999
1477.4351911480001
1478.441395973
1479.759918706
1480.7668790180001
1481.9646842100001
1483.032959958
1484.1435808819999
1484.817883231
1486.1713490279999
1488.1163379760001
1489.2524669459999
1489.9708922049999
1490.670693815
1492.180090544
1493.3308354210001
1494.1553686140001
1495.7688329790001
1497.0655055719999
1497.747360933
1499.6408247469999
1500.3519515170001
1501.119324922
1502.3460632920001
1503.090933127
1505.261529655
1506.152986138
1507.407505164
1508.2530310300001
1509.280419363
1510.3917974460001
1511.923005459
1512.5897647050001
1513.5897655399999
1515.7083435869999
1516.435989719
1517.7198062540001
1518.414791487
1519.7410094940001
1520.2736222200001
1521.9019090649999
1523.4860471489999
1524.7248921610001
1525.2278372339999
1526.5523119100001
1528.0409304289999
1529.0344567290001
1529.3699753650001
1531.0207429699999
1532.2223269389999
1533.886977913
1535.042277471
1535.769502395
1536.620701824
1537.651062168
1539.3028548560001
1540.0302701400001
1541.7422487629999
1542.4965229229999
1544.1186700549999
1544.834608228
1546.0911977860001
1547.2975811209999
1547.806563802
1548.8713481790001
1551.2738453259999
1552.0068728379999
1552.7361053300001
1554.1565191100001
1554.921285165
1556.1629874979999
1557.394507018
1558.3391528520001
1559.781154391
1560.876475778
1562.41015318
1563.385400958
1564.1779404599999
1564.915788262
1566.2664156020001
1567.623450717
1569.0224778039999
1570.509277867
1571.045381486
1571.845352088
1573.80656333
1574.2309154300001
1575.6381549519999
1576.1613523630001
1578.1188269459999
1579.5140550680001
1580.372081625
1581.3635517729999
1582.3294869440001
1583.3946934349999
1584.234848066
1586.2932107500001
1587.004342107
1588.163404029
1589.3579459499999
1590.835904321
1591.2938843740001
1592.6371670389999
1593.5848081889999
1594.4426896560001
1596.48449241
1597.7158959440001
1598.42079855
1599.6193489499999
1600.0480449029999
1601.911946229
1602.815404794
1603.6552029960001
1605.5216466469999
1606.293418127
1607.5569052119999
1608.836295305
1610.00326419
1610.2538231630001
1611.43714127
1613.078855451
1614.710627852
1615.574608719
1616.398394842
1617.734684841
1618.537517832
1619.952501261
1620.774310821
1622.0987516979999
1622.977767699
1625.0218566579999
1625.9870201639999
1626.3999193120001
1627.7554412760001
1628.7153168570001
1629.6586689549999
1631.194814552
1632.798183571
1633.5125168899999
1634.5168226620001
1635.718366326
1637.0891901729999
1637.9946435859999
1638.5996583040001
1639.8212357299999
1641.8998190090001
1642.4897798219999
1644.1520659600001
1644.713745775
1645.573760363
1646.624866593
1648.270598223
1649.1185354090001
1650.416988983
1651.732693341
1652.6710659
1654.2058967590001
1654.726652393
1655.822775677
1657.1142364
1657.567101179
1660.0199803380001
1660.860056833
1661.836892884
1662.377202549
1664.057265418
1664.9680044859999
1665.8776404140001
1667.2411250519999
1668.3682293270001
1669.6697284520001
1671.047182433
1671.9842593339999
1672.963370831
1673.6874453339999
1674.648462097
1676.362486324
1677.6912271419999
1678.630368091
1680.077946717
1680.5047701129999
1681.812320174
1683.2732892609999
1684.171656837
1684.558863253
1686.4211219480001
1688.080142693
1688.9338685099999
1689.7031542560001
1691.0515599170001
1691.515192892
1693.05302093
1694.0175646529999
1695.8325544740001
1696.65499744
1697.3425142870001
1699.229547188
1699.9668172669999
1700.8203032450001
1701.8255509969999
1702.923249764
1704.2914124270001
1706.256032432
1706.6156650349999
1707.9123124929999
1708.512116178
1709.7808422989999
1711.1376032589999
1712.1553976539999
1713.055341728
1714.7171452550001
1715.8252830399999
1716.7699837170001
1717.9744850659999
1718.954152499
1719.724469322
1720.4980709480001
1722.84466174
1723.532822631
1724.733958738
1725.6386280199999
1726.60570074
1728.1665067609999
1728.6444864800001
1730.0238725449999
1731.0141937620001
1732.430169859
1733.840825021
1735.1754660209999
1735.6247153429999
1736.305662733
1737.8938847869999
1738.783237589
1740.16911568
1741.779167809
1742.4676807210001
1743.426436859
1744.721511938
1746.0974985959999
1746.595456627
1747.781695528
1748.5639873810001
1750.8228184899999
1751.617794946
1752.511511141
1753.6613552429999
1754.7633698740001
1755.1696940679999
1757.046518461
1757.9840770329999
1759.2400856469999
1760.2151662430001
1761.854899939
1762.497688871
1763.7191214960001
1764.5914768489999
1765.4004939920001
1766.6762435989999
1768.2959711359999
1769.9409520520001
1770.243677312
1771.2129449839999
1772.328000364
1773.8949155109999
1774.6604309899999
1775.3419875740001
1777.2558602239999
1778.041734762
1779.552270809
1780.6652284930001
1781.355637723
1782.43906732
1783.0848295200001
1784.607946397
1786.3422011790001
1787.0492730870001
1788.2151234800001
1789.2421799639999
1790.44956237
1791.2544098190001
1792.6161027349999
1793.5253906519999
1794.178482007
1796.465140537
1797.3763356710001
1798.147067458
1799.2316472099999
1800.0247240199999
1801.309636945
1802.301283491
1803.7968438129999
1804.904160975
1806.289667019
1806.578391751
1808.7144318650001
1809.1192737880001
1810.108892988
1810.8737191590001
1812.420077002
1814.0241403479999
1814.973082363
1816.3386112200001
1816.7580233650001
1817.7106085630001
1819.2603340989999
1820.187882187
1821.3057083650001
1822.42767144
1823.766265896
1825.213676893
1825.915683615
1826.795455271
1828.2112705
1828.6210917579999
1829.83252971
1831.936379902
1832.984940244
1833.273239033
1834.7215597490001
1835.8837544380001
1836.8276725159999
1838.086943306
1838.6402887080001
1840.195563473
1841.4785825710001
1842.875955279
1843.771057743
1844.75904365
1845.417534146
1846.3532534210001
1848.330980622
1848.722760911
1850.6011840480001
1851.4003619949999
1852.342204733
1853.5193429210001
1854.8556321159999
1855.5929349370001
1856.389179154
1857.4980748150001
1859.4952715689999
1860.5413881090001
1861.379671547
1862.121464929
1863.4254648450001
1864.3539813360001
1865.3674337939999
1866.8365470189999
1868.0851909989999
1868.706745684
1870.4214717679999
1871.416043098
1872.441566428
1872.8656676380001
1874.5083614130001
1874.91377401
1877.0950641669999
1878.022251483
1879.15330309
1880.082325419
1880.6117664799999
1882.3219747969999
1883.40872427
1884.0057783499999
1885.19807513
1887.053894807
1887.8088414169999
1888.938182637
1890.348128614
1890.6121285879999
1891.6785105399999
1892.867701336
1894.558537572
1895.697155654
1896.5854943469999
1897.51369286
1898.8293728189999
1900.006144829
1900.571884272
1901.8913057509999
1902.8050592070001
1904.0893253229999
1906.102756198
1906.597678004
1907.332780124
1908.4330630449999
1909.465930026
1910.7336596160001
1911.7046909430001
1913.182489776
1914.3523000519999
1915.0546293330001
1916.6063718400001
1917.3447040420001
1918.7864989100001
1919.2077783980001
1919.9374573709999
1922.101625622
1923.2808379359999
1924.055831101
1925.231987975
1926.2115830800001
1926.8200927949999
1928.4175185500001
1929.4875601809999
1930.25838718
1931.7600694370001
1932.87575455
1934.4164363689999
1934.9079434339999
1935.924848804
1936.873093814
1937.9686334979999
1939.050029151
1940.977326706
1941.822862216
1942.6335686919999
1943.367947449
1945.153796306
1945.922716949
1946.609945362
1947.9170477380001
1949.030030074
1950.7432015530001
1951.5366958730001
1952.850129212
1953.448556325
1954.418588175
1955.3158092839999
1956.848164578
1958.3144035549999
1958.8518834629999
1960.418845269
1961.35927788
1962.2335718490001
1963.6211845729999
1964.357390938
1965.3778295049999
1966.117658574
1968.4716020190001
1969.0476175470001
1970.3050095169999
1970.8555475799999
1971.970312805
1973.1826634060001
1974.34720191
1975.080610302
1977.1739436979999
1977.2714461999999
1978.801448168
1980.3717722870001
1980.910043091
1981.748768897
1982.6632791950001
1983.923804622
1985.4165401749999
1986.7571077160001
1987.8734733609999
1988.2518768069999
1989.702002708
1990.478352526
1992.0017063939999
1992.7849878750001
1993.5774931379999
1995.1687396120001
1996.7961769660001
1997.3909140599999
1998.279006926
1999.5457641759999
2000.4345153019999
2000.9296206890001
2002.896408374
2004.1396692329999
2005.077848124
2005.900934886
2007.12518017
2008.4182403299999
2009.176634123
2010.1533247679999
2011.020705074
2012.538935477
2013.8720977139999
2015.1867286090001
2016.0296380320001
2016.800075656
2017.386767252
2019.264600216
2019.88436714
2021.1960427690001
2022.545617685
2023.5729117769999
2024.488262158
2025.8789062020001
2026.738258912
2027.573317056
2028.5824593540001
2029.3854795509999
2031.7505506909999
2032.420780856
2033.0178927459999
2034.5548287890001
2035.0774400959999
2036.527526483
2037.2171110940001
2038.8417382509999
2039.44321874
2040.8391196729999
2042.344586251
2043.217116563
2044.1215932919999
2045.0373208599999
2045.802760432
2047.098336346
2048.4540940659999
2049.8475256060001
2050.9060553849999
2051.718388196
2052.407790192
2054.0599168980002
2055.1802673259999
2055.5726028989998
2056.6208666900002
2058.4506511190002
2059.448021744
2060.868247208
2061.3670592019998
2062.5726509199999
2063.2835594980002
2064.3048677000002
2065.8326722820002
2066.985229378
2068.3456385270001
2068.6699410830001
2070.5047175929999
2071.3770831699999
2071.9904548149998
2073.397603716
2074.1710649020001
2075.0280655450001
2077.1175701369998
2078.155484639
2078.9392881150002
2079.5676284619999
2080.9103434580002
2081.7996865639998
2083.300276859
2083.7799925499999
2085.3898136920002
2086.5803185340001
2087.473340988
2088.7122811989998
2090.0362067569999
2090.447550027
2091.2215806610002
2092.4732181099998
2094.3359174689999
2095.13825666
2096.346529979
2097.371606357
2097.9519221999999
2099.3116512649999
2100.5937452369999
2101.1354894589999
2102.5351002150001
2103.3904548089999
2105.3722065920001
2105.9947043389998
2107.1723624320002
2107.6179114080001
2108.9383848890002
2109.9631431809999
2110.8223718479999
2112.907087523
2113.483966448
2114.3961373259999
2115.5066027950002
2116.9000560680001
2117.7223994410001
2118.6186462169999
2119.456428469
2120.6915625920001
2122.4651511749998
2123.3440423030002
2124.3703687379998
2125.5124000290002
2125.9587848400001
2126.9757111929998
2128.752290554
2129.4060802280001
2130.555102283
2132.0806209930001
2132.7985164679999
2134.1549339849998
2134.9507725039998
2136.086897525
2136.9674705480002
2137.5099405259998
2139.3807599850002
2140.9493626389999
2141.7100359599999
2142.3550431960002
2143.3744441809999
2144.8953374309999
2145.5057537339999
2146.6258944760002
2147.7853673459999
2149.1518493829999
2149.9106398580002
2151.7768851159999
2152.390226597
2153.0119641649999
2154.2636239520002
2154.935345848
2156.3947272559999
2157.8564895650002
2158.8780722910001
2159.9022860169998
2160.8530623279999
2161.6921721889998
2163.107122286
2164.0497203559999
2165.0114371740001
2165.5039490230001
2167.693444255
2168.8906158519999
2169.2638292830002
2170.787074973
2171.3963619259998
2172.250962828
2173.5282969690002
2174.745020803
2176.2041194660001
2176.9394516990001
2178.0042091549999
2179.23218503
2180.4953182590002
2181.2523670109999
2181.72578303
2183.3305840170001
2184.103190761
2185.965528321
2187.0856909590002
2187.7984558779999
2188.5587632030001
2189.4970729030001
2191.0933630459999
2191.7780174009999
2192.8267705399999
2194.2315300499999
2195.231687681
2196.7159776670001
2197.2587470399999
2198.687512684
2199.3029653210001
2200.351020913
2200.9159530259999
2203.2774537310002
2203.9063645840001
2204.9978017550002
2205.8557612459999
2207.1721619149998
2207.802741337
2209.1537444000001
2210.2080149889998
2210.850941099
2212.3435684000001
2213.7002562480002
2214.949925632
2215.820565691
2216.2963758880001
2217.4693751159998
2218.5210069129998
2219.7998156980002
2220.8521588489998
2222.636604588
2223.0550579189999
2223.777772507
2225.5646451170001
2226.3327344059999
2227.246229377
2227.9705738819998
2229.12795891
2230.898690856
2231.9771540739998
2232.9248538689999
2233.72022225
2234.8149345309998
2235.5466621360001
2236.7736438450002
2238.1547995189999
2239.1677439599998
2240.02120947
2241.5361865240002
2242.6211801589998
2243.3736684189998
2244.3707017000002
2245.5652865309999
2246.0165581780002
2247.364431251
2249.5501985740002
2249.7707665530002
2251.046641942
2251.8453183390002
2252.6784326739999
2254.5622469939999
2254.7590790009999
2255.8245655720002
2257.346384683
2258.5018472910001
2259.5178420570001
2260.8902594169999
2261.6600644489999
2262.674430648
2262.8783053809998
2264.6763997060002
2265.7684461150002
2267.3845010680002
2267.8791753370001
2269.2269982620001
2269.9191032170002
2271.326282468
2272.0490157009999
2273.3475340529999
2273.956289146
2275.0686647759999
2277.0793177569999
2278.0126283929999
2278.5259421559999
2279.5073058409998
2280.8707198530001
2281.3564836149999
2282.690375138
2284.0560114589998
2285.2222423650001
2286.1498141410002
2287.0461586709998
2288.5788494459998
2289.3362847100002
2290.241458211
2291.0976636119999
2291.9289012519998
2293.8961451059999
2294.6879184119998
2296.115091188
2296.9985224729999
2297.3726475799999
2298.612363366
2299.9615776199998
2301.2341257990001
2301.4548403519998
2303.2954819830002
2304.3051386699999
2305.5083567890001
2306.5177330699998
2307.3555533700001
2308.2102846349999
2309.3703582399999
2309.931122384
2312.04799645
2313.1909141709998
2313.6893599670002
2314.621182114
2316.0494547200001
2316.962494505
2317.8515318640002
2318.8260353360001
2320.088523204
2320.9495316289999
2322.8126326070001
2323.5342742409998
2324.5124552319999
2325.5570964919998
2325.9030159280001
2327.3768558199999
2328.634875101
2329.7057234059998
2331.01311029
2331.9427078059998
2332.9877654329998
2333.7208633740001
2335.5317125739998
2335.8671538059998
2336.6210367859999
2337.7617301589999
2339.6156838960001
2340.826726707
2341.3245961859998
2342.6540416580001
2343.2591589550002
2344.3112162359998
2345.5704836340001
2346.4641195300001
2347.9342546419998
2348.8434236329999
2349.7300542580001
2351.4550469279998
2352.1957015029998
2352.750870075
2353.9121358520001
2354.9510812349999
2355.8108139780002
2357.6083159200002
2358.9047051980001
2359.4348590760001
2360.3142850899999
2361.342541642
2362.7183179230001
2363.4956176539999
2364.7511760890002
2365.1915150640002
2367.249219843
2367.9577018230002
2369.2205777670001
2370.0933902840002
2371.1007479300001
2371.9381377949999
2372.4403472600002
2374.4442307180002
2375.5439670370001
2376.3554635159999
2377.755407914
2378.2129616799998
2379.7265029499999
2380.5456572190001
2381.50012371
2382.5308305660001
2383.3560139159999
2384.9650716410001
2386.4309371099998
2387.2990841219998
2387.8135685560001
2388.7482076350002
2389.9559881139999
2391.260549872
2391.754982337
2393.630593292
2394.4853678559998
2395.2701699949998
2396.603878763
2397.7916437620001
2398.5583113829998
2399.4338329060001
2400.152356522
2401.4829983760001
2403.418798445
2403.9753151489999
2404.9215934899999
2406.2539887180001
2406.7328511820001
2407.715910422
2409.441502352
2409.881602683
2411.1261933810001
2412.222935837
2413.9761231950001
2414.3798798009998
2415.576893466
2416.5340546279999
2417.2780874220002
2418.2294432670001
2419.507917163
2421.1429439929998
2422.1520849250001
2422.9962301229998
2423.5041468889999
2425.1247602130002
2426.1934375420001
2426.9070642940001
2427.6408969489999
2429.1855959899999
2430.2658126360002
2431.611135096
2432.7275692990002
2433.7058968050001
2433.9168732379999
2435.348894365
2436.1916003749998
2437.7940761079999
2438.6717907940001
2439.9271272189999
2440.8261602910002
2441.9298365499999
2443.0335600580001
2443.7754363959998
2445.1543810150001
2445.7449521009999
2446.3985233059998
2448.9883122860001
2449.231032009
2450.5036505799999
2451.18170831
2452.2833657410001
2453.2574858120001
2454.3005618420002
2455.4822883840002
2456.514551841
2457.90799909
2458.546799837
2460.013579466
2461.2022953750002
2461.731628648
2462.4642949140002
2463.5696672949998
2464.9278163610002
2466.183097013
2467.6408607839999
2468.1868163009999
2469.3362638919998
2469.7814850320001
2471.5392977420001
2472.3364175890001
2473.1071247350001
2474.2378497340001
2475.5393538610001
2477.0217550960001
2478.0148540250002
2478.3975975829999
2479.9773519810001
2480.4336069850001
2481.35676728
2482.6834115189999
2484.5032382750001
2485.0875905369999
2485.7856207119999
2487.3338364430001
2488.1138317539999
2489.2611574520001
2490.0510905159999
2491.1055164220002
2491.9074739339999
2493.4892954490001
2494.8661778280002
2495.8468404199998
2496.485336703
2497.6484652469999
2497.969973967
2499.8620428210002
2500.5643864120002
2501.5777446719999
2503.185227212
2504.0089336589999
2504.7721525110001
2506.3053519370001
2507.1518856480002
2507.8710395799999
2508.766046104
2509.652997441
2511.660189787
2512.538220985
2513.5795170209999
2514.2598590600001
2515.2864829250002
2516.571049142
2517.14693188
2518.5528520399998
2519.6342526399999
2520.4023235159998
2521.8851756459999
2523.2634801559998
2523.9670558190001
2524.6420457959998
2525.6879933250002
2526.8688100590002
2527.4187911610002
2529.3780434629998
2530.2736722730001
2531.5439612199998
2531.969384081
2533.0673170989999
2534.4086140979998
2535.505886074
2536.0918849220002
2536.8674852230001
2538.5598269359998
2539.9984071190001
2540.5316619360001
2541.9987291540001
2542.6876505139999
2543.3439550889998
2544.290953657
2545.87801773
2546.7611412820002
2548.1816153939999
2548.8959875750002
2549.996484492
2551.411141992
2551.8804459600001
2553.275677996
2553.7230692009998
2555.050875291
2555.832350747
2558.0091059430001
2558.7522113680002
2559.2342965970001
2560.263289514
2561.4056357479999
2562.4261133380001
2563.501718904
2564.3321078539998
2565.9752704779999
2566.5575578970002
2567.9585997250001
2569.0430901750001
2569.9481115970002
2570.9585256619998
2571.5407741479999
2572.3682081860002
2574.20716395
2575.4045119970001
2576.141011186
2577.5198355329999
2578.0701299249999
2578.971298336
2580.3461115649998
2581.398140583
2582.1387339309999
2583.0032945349999
2584.7584024419998
2585.7727394039998
2586.9251789569998
2587.5910009240001
2588.3682104240002
2589.579264554
2590.3716929249999
2591.549378448
2593.2758768049998
2594.0236183349998
2594.9050115519999
2595.687530139
2597.5461414900001
2597.9793534179998
2598.5987683200001
2600.121355062
2600.6419523190002
2602.412300558
2603.628781119
2604.5735648240002
2605.3680759160002
2606.2436645480002
2607.0036391140002
2608.3648996490001
2609.5520867380001
2610.4445209390001
2611.5436703810001
2612.9568070370001
2613.731929438
2614.7371361649998
2615.8477072679998
2616.9021182440001
2617.3350469349998
2618.2929154779999
2620.2793936940002
2621.4290552130001
2622.048696798
2622.994507976
2624.0506038550002
2624.9095017770001
2626.4605022300002
2626.7104713959998
2628.098026526
2629.6041395110001
2629.994800764
2632.0431166369999
2632.4436589490001
2633.67639994
2633.966543434
2635.2173316170001
2636.432585995
2637.5106833579998
2639.0625730450001
2640.054245882
2640.462942827
2641.8017447840002
2642.7557590629999
2643.9709009570001
2644.8878671430002
2645.3955672789998
2646.6899401730002
2648.5774292820001
2649.3256535519999
2650.0585444580001
2651.2273313320002
2652.160775242
2652.7706428289998
2653.8970697459999
2655.6157723259998
2656.238998498
2657.5377607579999
2658.3415576289999
2659.6583160209998
2660.610245803
2661.5825737579999
2662.1835734350002
2663.393945622
2664.2354890830002
2666.0301014790002
2666.9828490730001
2668.291859038
2668.6636514030001
2669.2537448879998
2670.9989985819998
2671.918382671
2672.6037795890002
2673.874618711
2675.2717591300002
2676.066490229
2677.2461938930001
2678.538156522
2679.0252815969998
2680.0390215460002
2680.8431171329999
2681.8410514560001
2683.882275551
2684.529156905
2685.3771134260001
2686.4961601509999
2687.4899398080001
2688.385081596
2689.4232759810002
2690.6331868560001
2691.3183828400001
2692.368718959
2694.1028206129999
2695.208957969
2695.75004924
2696.6953725819999
2697.8575582150002
2698.29096132
2699.9420275000002
2700.7312070110002
2702.4335448470001
2703.1436575110001
2703.9817142450001
2704.9557375529998
2706.5282473269999
2707.090764646
2708.1170692290002
2708.476524962
2710.368359824
2711.458227864
2712.7866873349999
2713.5252893030001
2714.3679066889999
2715.3398716309998
2716.0250490489998
2717.6657748709999
2718.3086524740002
2719.7709989780001
2720.4934748989999
2721.798775617
2723.0860827440001
2723.7689288500001
2724.523924437
2725.8829892039998
2726.4797010339998
2727.2744594320002
2729.395041669
2730.492891807
2730.7977020799999
2732.004049913
2732.8301235580002
2734.2007829690001
2734.9388560839998
2736.000479107
2736.9220484399998
2738.2664441639999
2739.5135472960001
2740.3111094199999
2741.8788524209999
2742.254107878
2742.9930681599999
2743.9534698100001
2745.3218318979998
2746.7147989519999
2747.5140979960001
2748.916191066
2749.6436497889999
2750.31408341
2751.8236714569998
2752.7155024949998
2753.487796417
2754.4586630829999
2755.416876191
2757.301868214
2758.2781033279998
2758.8586709689998
2759.8986139200001
2760.6571515400001
2762.0828801439998
2762.4445804659999
2764.0418462520001
2765.4076911460002
2766.1570355899999
2766.8872697470001
2768.6645238880001
2769.1446987959998
2770.2790936440001
2771.0173921430001
2771.8962936600001
2773.029713424
2774.6700107329998
2775.7257073420001
2776.6191603080001
2777.5121252029999
2778.2896952999999
2779.127539134
2780.7711183790002
2781.6560702279999
2781.9892396549999
2783.9436652869999
2784.7052838760001
2786.0433357390002
2786.7025663509999
2787.9320212580001
2788.7962780140001
2789.197561121
2790.493080792
2792.113378557
2793.3014692410002
2794.238093337
2794.6538246660002
2796.0347616039999
2797.174539351
2797.9729012299999
2798.7981401769998
2800.0674448179998
2800.937603116
2802.2248015360001
2803.8649551389999
2804.4189356769998
2805.2053003629999
2806.0027324150001
2807.1323183710001
2808.153501198
2809.291652245
2810.7246340830002
2811.4609922240002
2812.8619975890001
2813.2014880279999
2814.6567579809998
2815.8386539909998
2816.3379548160001
2817.458907317
2817.9494621610002
2820.488842021
2820.6608410539998
2821.8919300749999
2822.9230262169999
2823.8669920570001
2824.2818841220001
2825.872656692
2826.7121703749999
2828.0299739460002
2828.851526591
2830.08754529
2831.1284254369998
2832.4165508579999
2833.138035852
2833.6587172330001
2834.980248463
2835.7758477440002
2837.0144720809999
2838.8128815290002
2839.4857533949998
2840.2857549109999
2840.9206729729999
2842.332641081
2843.4698378849998
2844.1989869630002
2845.0254336100002
2846.3907762130002
2847.5359355300002
2848.7703085560001
2849.797086647
2850.4718881970002
2851.6789380360001
2852.303726568
2852.9262147650002
2854.8323942319998
2855.8537211930002
2856.816133544
2857.7361398100002
2858.8578603559999
2859.838748954
2860.5774364980002
2862.120208237
2862.5069662780002
2863.3635895520001
2864.9114267589998
2866.4932097559999
2867.1493560939998
2868.2241636630001
2868.657629194
2869.8434565749999
2870.9095063750001
2872.023511114
2872.8585551840001
2874.5691540729999
2875.282119166
2875.8899143409999
2877.5466491520001
2878.527002624
2879.1199075469999
2879.8689739390002
2880.978994738
2882.1536463910002
2884.013657553
2884.3467577900001
2885.7730554029999
2886.3088746399999
2887.2248855070002
2888.3943824560001
2889.404168048
2890.6426263620001
2891.2800782149998
2892.4626240170001
2894.1744487370001
2894.7465503570002
2895.6411038619999
2896.8254051680001
2897.428300566
2898.54135318
2899.1777798369999
2901.2638503620001
2902.0651024809999
2902.8557855280001
2903.957879043
2904.5981960220001
2906.1764175970002
2906.923339343
2907.6057369109999
2908.6580455200001
2910.0282334349999
2911.1429036650002
2912.3459047259998
2913.522785867
2914.044611072
2914.8027022239999
2915.685975328
2917.2741734410001
2917.9824167020001
2919.321772327
2920.6155559919998
2921.0831989349999
2922.396084557
2923.3909323570001
2924.3334349950001
2925.261509119
2926.2954362260002
2926.624014686
2928.7610738469998
2930.0043663719998
2930.7111686970002
2931.0691011120002
2932.8064144139998
2933.1748571620001
2934.2907178360001
2935.5524637049998
2936.550374849
2937.7089589819998
2938.581220351
2939.8475291630002
2941.261601535
2941.4252177560002
2942.724885865
2943.35368496
2944.3216487939999
2945.9444992859999
2946.9223948949998
2948.3742618659999
2948.867577209
2949.7901430259999
2950.5211083519998
2952.283829639
2952.827176584
2953.5890309910001
2954.7112752910002
2956.2587304240001
2957.2362592469999
2958.2907762569998
2959.221014234
2960.0336178110001
2960.814839266
2961.8259705750002
2962.8196363349998
2964.6339214969998
2965.3983415839998
2966.065269746
2967.2701904249998
2968.4053489950002
2969.4011366559998
2970.0499301109999
2971.122238125
2972.3088841089998
2972.811686391
2975.0180204130002
2975.6199571659999
2976.5262321370001
2977.5535749139999
2977.9819785119998
2979.3190422120001
2980.4873810069998
2981.3439474840002
2982.5237198959999
2983.8253332660001
2984.6391778040002
2985.5476662350002
2986.8053933830001
2987.8561515020001
2988.634699665
2988.8550463669999
2990.4232705740001
2992.1636686729998
2992.8688663769999
2993.974353094
2994.8655070469999
2995.5402669159998
2996.736506016
2997.6472031150001
2998.9593010990002
2999.4944929960002
3001.023331164
3001.7073324560001
3003.4770428530001
3004.2909759170002
3004.6623084080002
3005.7729292839999
3006.9907383650002
3007.468699218
3008.8821208710001
3010.5149621310002
3011.3443801809999
3012.0746947859998
3012.7884505490001
3014.4590822069999
3014.9116665030001
3016.3483941700001
3016.7000608100002
3017.783440191
3019.4617757800002
3020.4876338989998
3021.4204006929999
3022.4474837950002
3023.3385090679999
3023.9309960740002
3024.793963871
3026.5108269080001
3027.2995228069999
3028.40152253
3029.4993883699999
3030.5945296509999
3031.2892174680001
3032.7560293609999
3033.2181239729998
3034.360907192
3035.0741039479999
3036.1331132380001
3037.9803835900002
3039.0336510440002
3039.5216015719998
3040.5004275649999
3041.2568035489999
3042.6530498540001
3043.6705416220002
3044.0551279820002
3046.0500302249998
3046.4545042189998
3047.7088176410002
3048.9226324900001
3050.0196767570001
3050.801233316
3051.3423833440002
3052.4768485240002
3053.3482659370002
3054.9865208669999
3056.2429233100002
3056.7651381129999
3058.013703011
3058.9014946930001
3059.4378617580001
3061.0627001180001
3061.8375844450002
3062.7268731640002
3063.4350864839998
3065.2865555849999
3066.320250404
3067.0713202410002
3068.0135013419999
3068.9842661859998
3069.7829047800001
3070.5426215500001
3072.0009933780002
3073.1852377800001
3074.5234942850002
3075.0338728769998
3075.8334792420001
3077.4274733070001
3078.286226918
3078.8973791469998
3079.8713946439998
3080.856382342
3082.1631637589999
3083.3613579900002
3084.8384515040002
3085.3772689940001
3085.965522259
3087.0188153580002
3088.0834370419998
3089.2223089449999
3090.2821949029999
3091.1544697009999
3092.6876670390002
3093.1854457170002
3094.8330684299999
3095.1320312389998
3096.5154855129999
3097.342606531
3098.038354972
3098.7580898480001
3101.079373087
3101.6573707900002
3102.4360891229999
3103.5899160600002
3104.3625463419999
3105.3914023699999
3106.3963526460002
3107.4842558569999
3108.3035962670001
3109.5330997900001
3110.5572003809998
3111.9207277139999
3112.840737859
3113.7552136680001
3114.473416201
3115.0026724139998
3116.7204508159998
3117.2697233879999
3118.955013666
3119.9575566039998
3120.9862149760002
3121.3372197630001
3122.6101288750001
3124.1502251639999
3124.5259226459998
3125.3744414719999
3126.4501164349999
3127.6930123729999
3129.46861261
3129.7962055050002
3130.8776637300002
3131.8610902159999
3132.6983313659998
3133.3988838229998
3134.6354459009999
3136.0155607520001
3137.175172667
3137.6134952120001
3139.0495084989998
3140.1384941420001
3141.0011748279999
3141.7480325430001
3142.9794567280001
3143.5674991840001
3144.4904881450002
3146.283528376
3147.3446066279998
3148.37904187
3148.8612287840001
3149.7717386979998
3150.8246527219999
3152.1510594659999
3152.9945599970001
3153.5969765300001
3155.312108218
3156.3003579470001
3156.9057614550002
3158.5782877080001
3159.2652046590001
3159.804097579
3161.0619125779999
3161.402435208
